1200||img/level3/2/2_1|70|159|527.00|404.00||
img/level3/2/2_2|100|63|48.00|741.00||
img/level3/2/2_3|114|94|245.00|241.00||
img/level3/2/2_4|183|101|53.00|517.00||
img/level3/2/2_5|117|71|1044.00|519.00||
img/level3/2/2_6|120|134|574.00|613.00||
img/level3/2/2_7|60|87|125.00|244.00||
img/level3/2/2_8|70|114|1046.00|295.00||
img/level3/2/2_9|73|175|1126.00|332.00||
img/level3/2/2_10|45|52|608.00|394.00||
img/level3/2/2_11|91|125|692.00|23.00||
img/level3/2/2_12|62|69|826.00|446.00||
img/level3/2/2_13|95|59|137.00|486.00||
img/level3/2/2_14|128|70|979.00|633.00||
img/level3/2/2_15|70|122|536.00|138.00||